-2.106758571055492794e+05 5.297172005592376081e+03 1.490546229651819158e+05 1.653866211506119289e+05 1.810023562396876223e+05 1.922274207821333548e+05 1.909618808597790485e+05 1.754326576350799587e+05 1.523486673723599815e+05 1.300919152498605981e+05 1.131957432689348207e+05 1.015158041669222439e+05 9.238606297404822544e+04 8.319970194400078617e+04 7.308937043221146450e+04 6.315358517252511228e+04 5.513322237341399159e+04 4.976533383984634565e+04 4.645191439840343082e+04 4.383104519585833623e+04
5.297172005592376081e+03 1.660447205787596249e+04 9.802406643873295980e+04 1.281671522552150127e+05 1.369056961508371751e+05 1.445735350991765445e+05 1.441560739237272646e+05 1.356137554913884087e+05 1.230418562337939948e+05 1.094640624830736779e+05 9.663345949291772558e+04 8.597057748567733506e+04 7.790102377608018287e+04 7.149474847982736537e+04 6.510716734792663920e+04 5.784600551573927805e+04 5.044309024751436664e+04 4.437869255111217353e+04 4.041690962546758965e+04 3.811056386958538496e+04
1.490546229651819158e+05 9.802406643873295980e+04 6.419471251463756198e+04 6.748790736096249020e+04 7.397003238347823208e+04 7.663593735160822689e+04 7.609678616001800401e+04 7.277081064937982592e+04 6.924646165608821320e+04 6.565836619278232683e+04 6.062721441004398366e+04 5.436002919863347779e+04 4.866201601303430652e+04 4.476506487738023861e+04 4.210340725131564977e+04 3.909604520173610945e+04 3.493669508261837473e+04 3.035439626358404348e+04 2.669630738390441547e+04 2.461117290658085039e+04
1.653866211506119289e+05 1.281671522552150127e+05 6.748790736096249020e+04 4.051805438151393901e+04 3.677848569959170709e+04 3.902603237236081623e+04 3.868409446495806333e+04 3.748857126316350332e+04 3.713641691587604873e+04 3.768107449253729283e+04 3.735324344277938508e+04 3.497097954854345153e+04 3.146994803148257051e+04 2.864846060616674731e+04 2.716153196447297887e+04 2.613768703128716152e+04 2.436775404049542340e+04 2.160061539372252082e+04 1.869500889385072514e+04 1.665156695575482081e+04
1.810023562396876223e+05 1.369056961508371751e+05 7.397003238347823208e+04 3.677848569959170709e+04 2.230028228538149779e+04 1.949601539506710469e+04 2.081811878062194955e+04 2.113941971651938002e+04 2.195486410521600919e+04 2.361522041257228557e+04 2.523038159822622401e+04 2.545008886942462050e+04 2.399547073614937108e+04 2.197943390769821781e+04 2.058241382280618927e+04 1.991086267214372856e+04 1.919638742300224112e+04 1.775527738207272705e+04 1.570274734458943021e+04 1.376641220641503060e+04
1.922274207821333548e+05 1.445735350991765445e+05 7.663593735160822689e+04 3.902603237236081623e+04 1.949601539506710469e+04 1.062558540785570221e+04 8.981964287707429321e+03 1.133223735965519518e+04 1.324134425216149975e+04 1.526194604574015648e+04 1.737398891139478292e+04 1.898747325146016738e+04 1.941514411486259996e+04 1.867054937852781222e+04 1.751473564718722628e+04 1.665112299659931887e+04 1.610900678875635822e+04 1.542458732378661807e+04 1.425780621834691738e+04 1.275805315065743707e+04
1.909618808597790485e+05 1.441560739237272646e+05 7.609678616001800401e+04 3.868409446495806333e+04 2.081811878062194955e+04 8.981964287707429321e+03 2.956035680804098774e+03 3.121963683186836533e+03 6.322669639795062722e+03 8.670096117412133026e+03 1.062992460151799605e+04 1.242600020259630946e+04 1.387098460962183526e+04 1.452750374010869200e+04 1.426987172904493673e+04 1.353012713708985211e+04 1.284518970753876783e+04 1.235191159505515498e+04 1.183007413028113115e+04 1.104725719211333126e+04
1.754326576350799587e+05 1.356137554913884087e+05 7.277081064937982592e+04 3.748857126316350332e+04 2.113941971651938002e+04 1.133223735965519518e+04 3.121963683186836533e+03 -3.836781734319440602e+02 8.129222174012238611e+02 3.517903142352269242e+03 5.280451923555119720e+03 6.687174843008313474e+03 8.076172712263148242e+03 9.317925617017883269e+03 9.970802657718888440e+03 9.855759217286346029e+03 9.307309175177351790e+03 8.787317659947579159e+03 8.468484404746151995e+03 8.198930431794986362e+03
1.523486673723599815e+05 1.230418562337939948e+05 6.924646165608821320e+04 3.713641691587604873e+04 2.195486410521600919e+04 1.324134425216149975e+04 6.322669639795062722e+03 8.129222174012238611e+02 -9.583840509245873136e+02 1.165101941766245091e+02 1.878078779218619502e+03 3.028658198481774889e+03 4.059939372520583674e+03 5.154391124311991007e+03 6.093525235485793928e+03 6.526290306331523425e+03 6.392867158763342559e+03 5.999066256091089599e+03 5.693543526983230549e+03 5.565454060457099331e+03
1.300919152498605981e+05 1.094640624830736779e+05 6.565836619278232683e+04 3.768107449253729283e+04 2.361522041257228557e+04 1.526194604574015648e+04 8.670096117412133026e+03 3.517903142352269242e+03 1.165101941766245091e+02 -8.283407983584379508e+02 -1.323964105460518113e+02 1.044553148751212120e+03 1.929010669628661617e+03 2.790876231612674019e+03 3.638584618280615359e+03 4.271110057796569890e+03 4.499879776821349878e+03 4.367582878642374453e+03 4.126482470832011131e+03 3.986672003446273720e+03
1.131957432689348207e+05 9.663345949291772558e+04 6.062721441004398366e+04 3.735324344277938508e+04 2.523038159822622401e+04 1.737398891139478292e+04 1.062992460151799605e+04 5.280451923555119720e+03 1.878078779218619502e+03 -1.323964105460518113e+02 -7.208976867498600996e+02 -2.161274313804062785e+02 7.513036019305222908e+02 1.552710035324505725e+03 2.287695418566608168e+03 2.921852264756735167e+03 3.342050343777140370e+03 3.473624206888163371e+03 3.390775464021856806e+03 3.263498882605836116e+03
1.015158041669222439e+05 8.597057748567733506e+04 5.436002919863347779e+04 3.497097954854345153e+04 2.545008886942462050e+04 1.898747325146016738e+04 1.242600020259630946e+04 6.687174843008313474e+03 3.028658198481774889e+03 1.044553148751212120e+03 -2.161274313804062785e+02 -6.344136002753930370e+02 -1.623663122077713297e+02 7.139718474438150224e+02 1.416136065300534028e+03 1.996356215095107018e+03 2.457797557903810230e+03 2.760839598880922495e+03 2.879730904889638168e+03 2.858540556428862601e+03
9.238606297404822544e+04 7.790102377608018287e+04 4.866201601303430652e+04 3.146994803148257051e+04 2.399547073614937108e+04 1.941514411486259996e+04 1.387098460962183526e+04 8.076172712263148242e+03 4.059939372520583674e+03 1.929010669628661617e+03 7.513036019305222908e+02 -1.623663122077713297e+02 -4.768697715173503298e+02 -3.302256287387393741e+01 6.833116444613906424e+02 1.212297882333471307e+03 1.623184684390564826e+03 1.954999006717190241e+03 2.202201606201626873e+03 2.333125074836865224e+03
8.319970194400078617e+04 7.149474847982736537e+04 4.476506487738023861e+04 2.864846060616674731e+04 2.197943390769821781e+04 1.867054937852781222e+04 1.452750374010869200e+04 9.317925617017883269e+03 5.154391124311991007e+03 2.790876231612674019e+03 1.552710035324505725e+03 7.139718474438150224e+02 -3.302256287387393741e+01 -2.767893916106197025e+02 6.390428585059237321e+01 5.569538524308168235e+02 9.017555992856109697e+02 1.174952302403257136e+03 1.421959462744102439e+03 1.630399610032857709e+03
7.308937043221146450e+04 6.510716734792663920e+04 4.210340725131564977e+04 2.716153196447297887e+04 2.058241382280618927e+04 1.751473564718722628e+04 1.426987172904493673e+04 9.970802657718888440e+03 6.093525235485793928e+03 3.638584618280615359e+03 2.287695418566608168e+03 1.416136065300534028e+03 6.833116444613906424e+02 6.390428585059237321e+01 -1.243688655593647070e+02 8.948567298097714229e+01 3.949107514329593869e+02 6.123174041340693066e+02 8.049200345506083067e+02 9.975102090035137508e+02
6.315358517252511228e+04 5.784600551573927805e+04 3.909604520173610945e+04 2.613768703128716152e+04 1.991086267214372856e+04 1.665112299659931887e+04 1.353012713708985211e+04 9.855759217286346029e+03 6.526290306331523425e+03 4.271110057796569890e+03 2.921852264756735167e+03 1.996356215095107018e+03 1.212297882333471307e+03 5.569538524308168235e+02 8.948567298097714229e+01 -4.680252767887925813e+01 7.872026301578802077e+01 2.758360424435381901e+02 4.323591021567216899e+02 5.861226760032066068e+02
5.513322237341399159e+04 5.044309024751436664e+04 3.493669508261837473e+04 2.436775404049542340e+04 1.919638742300224112e+04 1.610900678875635822e+04 1.284518970753876783e+04 9.307309175177351790e+03 6.392867158763342559e+03 4.499879776821349878e+03 3.342050343777140370e+03 2.457797557903810230e+03 1.623184684390564826e+03 9.017555992856109697e+02 3.949107514329593869e+02 7.872026301578802077e+01 -1.662985568664097968e+01 6.582762382637062615e+01 2.168976251675589992e+02 3.505870407859936790e+02
4.976533383984634565e+04 4.437869255111217353e+04 3.035439626358404348e+04 2.160061539372252082e+04 1.775527738207272705e+04 1.542458732378661807e+04 1.235191159505515498e+04 8.787317659947579159e+03 5.999066256091089599e+03 4.367582878642374453e+03 3.473624206888163371e+03 2.760839598880922495e+03 1.954999006717190241e+03 1.174952302403257136e+03 6.123174041340693066e+02 2.758360424435381901e+02 6.582762382637062615e+01 -5.031962546984081186e+00 6.265187960465516426e+01 1.958948778039354579e+02
4.645191439840343082e+04 4.041690962546758965e+04 2.669630738390441547e+04 1.869500889385072514e+04 1.570274734458943021e+04 1.425780621834691738e+04 1.183007413028113115e+04 8.468484404746151995e+03 5.693543526983230549e+03 4.126482470832011131e+03 3.390775464021856806e+03 2.879730904889638168e+03 2.202201606201626873e+03 1.421959462744102439e+03 8.049200345506083067e+02 4.323591021567216899e+02 2.168976251675589992e+02 6.265187960465516426e+01 3.903849677628421944e+00 6.546616890865368532e+01
4.383104519585833623e+04 3.811056386958538496e+04 2.461117290658085039e+04 1.665156695575482081e+04 1.376641220641503060e+04 1.275805315065743707e+04 1.104725719211333126e+04 8.198930431794986362e+03 5.565454060457099331e+03 3.986672003446273720e+03 3.263498882605836116e+03 2.858540556428862601e+03 2.333125074836865224e+03 1.630399610032857709e+03 9.975102090035137508e+02 5.861226760032066068e+02 3.505870407859936790e+02 1.958948778039354579e+02 6.546616890865368532e+01 1.359755631337166548e+01
