-5.313272970115729549e+04 4.200432215636092587e+04 1.170358104883404158e+05 1.294723789817297220e+05 1.045561072434585076e+05 7.482033693312200194e+04 6.676716418679525668e+04 8.311900287623751501e+04 9.853575213498010999e+04 9.051683785002137301e+04 6.145347574267163873e+04 3.166005282027797512e+04 2.275133351161413884e+04 3.787563263057664881e+04 5.731588252793767606e+04 6.011950194953596656e+04 4.413077513792701211e+04 2.181212574496728121e+04 9.974115098904896513e+03 1.524889541042143719e+04
4.200432215636092587e+04 -3.895883948758071347e+04 3.770043631488637766e+04 8.650658614409435540e+04 8.511506750226470467e+04 6.630258213538624113e+04 5.710654547577993071e+04 6.487957278441321978e+04 7.598455764753694530e+04 7.322743599267245736e+04 5.441721637200527039e+04 3.263675985625511021e+04 2.341368659334383483e+04 3.070767386256478130e+04 4.334135215417121799e+04 4.681643316726896592e+04 3.702311197025948059e+04 2.160880290626241185e+04 1.206690755124095085e+04 1.384829720773002191e+04
1.170358104883404158e+05 3.770043631488637766e+04 -1.408623444997056322e+04 2.065572390613715106e+04 4.083671190252903034e+04 3.970578904270241037e+04 3.528219522660406074e+04 3.679147825800350984e+04 4.157715311390031275e+04 4.198693158756916091e+04 3.472840788703243015e+04 2.421617182683039573e+04 1.782713881217500239e+04 1.878585566408837985e+04 2.358539329915136113e+04 2.583901910793949355e+04 2.236474396498391070e+04 1.544027582482459184e+04 1.014372713484803535e+04 9.574859988915941358e+03
1.294723789817297220e+05 8.650658614409435540e+04 2.065572390613715106e+04 -5.040467236742218120e+03 8.902882828658872313e+03 1.849618089813669940e+04 2.040138506727411732e+04 2.112463614861143651e+04 2.280165707987164205e+04 2.358975057909085081e+04 2.149032788175004680e+04 1.713339760517344621e+04 1.333277894701422520e+04 1.221988461023142372e+04 1.329218768980617642e+04 1.425643346192250101e+04 1.331486179230434573e+04 1.061857945847228075e+04 7.931938113109300502e+03 6.852981987019491498e+03
1.045561072434585076e+05 8.511506750226470467e+04 4.083671190252903034e+04 8.902882828658872313e+03 -2.765119850313596999e+03 4.377610393994472361e+03 1.110061295442526534e+04 1.385935700331841690e+04 1.490439644744516772e+04 1.534835962024818218e+04 1.484722354589913812e+04 1.316937493249533873e+04 1.106589962140011266e+04 9.656657575372159044e+03 9.304155091122012891e+03 9.400077982139726373e+03 9.093123891054390697e+03 8.042121947139838994e+03 6.672912495907984521e+03 5.704033757274270101e+03
7.482033693312200194e+04 6.630258213538624113e+04 3.970578904270241037e+04 1.849618089813669940e+04 4.377610393994472361e+03 -1.880777664837025213e+03 3.204273079994825821e+03 8.666470129472409099e+03 1.083060139827595594e+04 1.120518673849072729e+04 1.100264852299924678e+04 1.041226383819215698e+04 9.461329222965126974e+03 8.430201665625481837e+03 7.655498884535205434e+03 7.206711445000211825e+03 6.870798216578054962e+03 6.393984845032931844e+03 5.734158315443607535e+03 5.070879967724788912e+03
6.676716418679525668e+04 5.710654547577993071e+04 3.528219522660406074e+04 2.040138506727411732e+04 1.110061295442526534e+04 3.204273079994825821e+03 -1.089464655014175605e+03 2.780232117278321311e+03 6.654221283810637033e+03 7.822730024219500592e+03 7.755025964290729462e+03 7.493468047343727449e+03 7.212549817855445326e+03 6.796381747832710971e+03 6.220610009149020698e+03 5.624402972525972473e+03 5.142382839200416129e+03 4.778163734851937079e+03 4.460506208526460796e+03 4.128521451550111124e+03
8.311900287623751501e+04 6.487957278441321978e+04 3.679147825800350984e+04 2.112463614861143651e+04 1.385935700331841690e+04 8.666470129472409099e+03 2.780232117278321311e+03 -3.764326820815357451e+02 2.073594990995160060e+03 4.246633791450562057e+03 4.746782925218823948e+03 4.672431547243916611e+03 4.636105038187592982e+03 4.631013854990593245e+03 4.459982704554986412e+03 4.074774405538230894e+03 3.622280125057354780e+03 3.261751143153929206e+03 3.041422051477406058e+03 2.899978562562560001e+03
9.853575213498010999e+04 7.598455764753694530e+04 4.157715311390031275e+04 2.280165707987164205e+04 1.490439644744516772e+04 1.083060139827595594e+04 6.654221283810637033e+03 2.073594990995160060e+03 6.400680640159213119e+00 1.258827357786909943e+03 2.318031858302510955e+03 2.603132175313798143e+03 2.692286702839780446e+03 2.818565444486439446e+03 2.887765468731543024e+03 2.771675091677347154e+03 2.494287907342225935e+03 2.195481536353289357e+03 1.992754022602344776e+03 1.898508745712124437e+03
9.051683785002137301e+04 7.322743599267245736e+04 4.198693158756916091e+04 2.358975057909085081e+04 1.534835962024818218e+04 1.120518673849072729e+04 7.822730024219500592e+03 4.246633791450562057e+03 1.258827357786909943e+03 1.063714869116431458e+02 7.112342892926985769e+02 1.299158195994945117e+03 1.579548183431681082e+03 1.760278613471657536e+03 1.898427960465584420e+03 1.929904033208900501e+03 1.817738830768363187e+03 1.619660570267805042e+03 1.440006263197912631e+03 1.338618330974792343e+03
6.145347574267163873e+04 5.441721637200527039e+04 3.472840788703243015e+04 2.149032788175004680e+04 1.484722354589913812e+04 1.100264852299924678e+04 7.755025964290729462e+03 4.746782925218823948e+03 2.318031858302510955e+03 7.112342892926985769e+02 9.720967400600541453e+01 4.610338415883925336e+02 9.260062584089154143e+02 1.220092050892957559e+03 1.387253465215044571e+03 1.466336152574043354e+03 1.450494294348080302e+03 1.347308775748767403e+03 1.210141553653826350e+03 1.100859966733228475e+03
3.166005282027797512e+04 3.263675985625511021e+04 2.421617182683039573e+04 1.713339760517344621e+04 1.316937493249533873e+04 1.041226383819215698e+04 7.493468047343727449e+03 4.672431547243916611e+03 2.603132175313798143e+03 1.299158195994945117e+03 4.610338415883925336e+02 7.313544059682085674e+01 3.834899438523508479e+02 8.230400958321023381e+02 1.075477372764471056e+03 1.174466374376627300e+03 1.195322952480690219e+03 1.160674530641118281e+03 1.083584834553984138e+03 9.925788673733843552e+02
2.275133351161413884e+04 2.341368659334383483e+04 1.782713881217500239e+04 1.333277894701422520e+04 1.106589962140011266e+04 9.461329222965126974e+03 7.212549817855445326e+03 4.636105038187592982e+03 2.692286702839780446e+03 1.579548183431681082e+03 9.260062584089154143e+02 3.834899438523508479e+02 6.440791634537455934e+01 3.518924637838036915e+02 7.223702813789016091e+02 8.869716337237638299e+02 9.247103657500250620e+02 9.225913950259322291e+02 9.011837408290914482e+02 8.575897869166976761e+02
3.787563263057664881e+04 3.070767386256478130e+04 1.878585566408837985e+04 1.221988461023142372e+04 9.656657575372159044e+03 8.430201665625481837e+03 6.796381747832710971e+03 4.631013854990593245e+03 2.818565444486439446e+03 1.760278613471657536e+03 1.220092050892957559e+03 8.230400958321023381e+02 3.518924637838036915e+02 6.603996349706615376e+01 2.887995824057837808e+02 5.381173750464913610e+02 6.261933513523279089e+02 6.422689640689169437e+02 6.495942410029374514e+02 6.507770656740078721e+02
5.731588252793767606e+04 4.334135215417121799e+04 2.358539329915136113e+04 1.329218768980617642e+04 9.304155091122012891e+03 7.655498884535205434e+03 6.220610009149020698e+03 4.459982704554986412e+03 2.887765468731543024e+03 1.898427960465584420e+03 1.387253465215044571e+03 1.075477372764471056e+03 7.223702813789016091e+02 2.887995824057837808e+02 6.381372778327359185e+01 2.024109606636015997e+02 3.453670276641490773e+02 3.973229358605177026e+02 4.194867958172718545e+02 4.411400233677206302e+02
6.011950194953596656e+04 4.681643316726896592e+04 2.583901910793949355e+04 1.425643346192250101e+04 9.400077982139726373e+03 7.206711445000211825e+03 5.624402972525972473e+03 4.074774405538230894e+03 2.771675091677347154e+03 1.929904033208900501e+03 1.466336152574043354e+03 1.174466374376627300e+03 8.869716337237638299e+02 5.381173750464913610e+02 2.024109606636015997e+02 5.582697673587625786e+01 1.336024510376232968e+02 2.186976476913293652e+02 2.630434615888694907e+02 2.936032358385680254e+02
4.413077513792701211e+04 3.702311197025948059e+04 2.236474396498391070e+04 1.331486179230434573e+04 9.093123891054390697e+03 6.870798216578054962e+03 5.142382839200416129e+03 3.622280125057354780e+03 2.494287907342225935e+03 1.817738830768363187e+03 1.450494294348080302e+03 1.195322952480690219e+03 9.247103657500250620e+02 6.261933513523279089e+02 3.453670276641490773e+02 1.336024510376232968e+02 4.666082965751413525e+01 9.531848488553907828e+01 1.609230172193674662e+02 2.061237596660290308e+02
2.181212574496728121e+04 2.160880290626241185e+04 1.544027582482459184e+04 1.061857945847228075e+04 8.042121947139838994e+03 6.393984845032931844e+03 4.778163734851937079e+03 3.261751143153929206e+03 2.195481536353289357e+03 1.619660570267805042e+03 1.347308775748767403e+03 1.160674530641118281e+03 9.225913950259322291e+02 6.422689640689169437e+02 3.973229358605177026e+02 2.186976476913293652e+02 9.531848488553907828e+01 3.867820635865023604e+01 7.919044567689499559e+01 1.419605404271231635e+02
9.974115098904896513e+03 1.206690755124095085e+04 1.014372713484803535e+04 7.931938113109300502e+03 6.672912495907984521e+03 5.734158315443607535e+03 4.460506208526460796e+03 3.041422051477406058e+03 1.992754022602344776e+03 1.440006263197912631e+03 1.210141553653826350e+03 1.083584834553984138e+03 9.011837408290914482e+02 6.495942410029374514e+02 4.194867958172718545e+02 2.630434615888694907e+02 1.609230172193674662e+02 7.919044567689499559e+01 3.235368496195532373e+01 7.174905510555171873e+01
1.524889541042143719e+04 1.384829720773002191e+04 9.574859988915941358e+03 6.852981987019491498e+03 5.704033757274270101e+03 5.070879967724788912e+03 4.128521451550111124e+03 2.899978562562560001e+03 1.898508745712124437e+03 1.338618330974792343e+03 1.100859966733228475e+03 9.925788673733843552e+02 8.575897869166976761e+02 6.507770656740078721e+02 4.411400233677206302e+02 2.936032358385680254e+02 2.061237596660290308e+02 1.419605404271231635e+02 7.174905510555171873e+01 2.738457051974010170e+01
