-1.261872387756159296e+06 -8.027914099312017206e+05 -4.502249421304738498e+05 -3.386450005166445626e+05 -2.715706004417840741e+05 -2.272459260840170900e+05 -1.846269395419608918e+05 -1.390357411956004798e+05 -9.813938580588834884e+04 -6.822208702997503860e+04 -4.830304724714237818e+04 -3.349622637032614148e+04 -1.975701728941548936e+04 -6.344184855887801859e+03 5.224160260436566205e+03 1.395278492933678172e+04 2.045205979936458607e+04 2.584891638399711519e+04 3.077744042401234401e+04 3.501204523850778060e+04
-8.027914099312017206e+05 -7.232120609209454851e+05 -4.117902528623031103e+05 -2.703131234704423114e+05 -2.185353553713416040e+05 -1.836472481105607003e+05 -1.493523397554223775e+05 -1.126612239595070860e+05 -7.988671515759509930e+04 -5.580542385632984224e+04 -3.953700085510445206e+04 -2.725528351424272842e+04 -1.593150731344100495e+04 -5.059702466877933148e+03 4.312440102566246424e+03 1.152796070759621034e+04 1.700227453123075247e+04 2.153646935706079967e+04 2.555261121085093328e+04 2.893253431129964156e+04
-4.502249421304738498e+05 -4.117902528623031103e+05 -2.782657427011532709e+05 -1.712316069933257240e+05 -1.278382571575942129e+05 -1.076705865588473825e+05 -8.741021461501672457e+04 -6.592252152021609072e+04 -4.695538364580437337e+04 -3.300328154045983683e+04 -2.339387516426403818e+04 -1.598133914246997665e+04 -9.192051939980308816e+03 -2.821289023768248626e+03 2.632833231220656216e+03 6.930137639245534046e+03 1.030301162182164080e+04 1.311085271700035628e+04 1.551110194285703801e+04 1.744898657548159463e+04
-3.386450005166445626e+05 -2.703131234704423114e+05 -1.712316069933257240e+05 -1.132592693210304133e+05 -7.984443089897418395e+04 -6.355381190990853793e+04 -5.138738057869116165e+04 -3.860484630265207670e+04 -2.756328341295353312e+04 -1.949159400189576991e+04 -1.382324695514495761e+04 -9.331334293623798658e+03 -5.231657068816513856e+03 -1.483657055929116495e+03 1.675560065616553857e+03 4.211375468146410640e+03 6.291489428097420387e+03 8.061885461750782270e+03 9.531462310506572976e+03 1.065113217464966510e+04
-2.715706004417840741e+05 -2.185353553713416040e+05 -1.278382571575942129e+05 -7.984443089897418395e+04 -5.920450627404028637e+04 -4.499413920400483767e+04 -3.480342386335519404e+04 -2.606866469106121804e+04 -1.862757349409764720e+04 -1.324604798768937144e+04 -9.405933241342696419e+03 -6.268432487376317113e+03 -3.391852409621859806e+03 -8.222310839261792808e+02 1.295756255055692691e+03 3.009482692930482699e+03 4.477545053846845803e+03 5.775331358653668758e+03 6.844168258233680717e+03 7.613800508944622379e+03
-2.272459260840170900e+05 -1.836472481105607003e+05 -1.076705865588473825e+05 -6.355381190990853793e+04 -4.499413920400483767e+04 -3.536132453139291465e+04 -2.619204555188924496e+04 -1.896499367369400716e+04 -1.358354999863708872e+04 -9.702121602349565364e+03 -6.900318210604140404e+03 -4.542183634374174289e+03 -2.349617871304542405e+03 -4.159257280358869480e+02 1.142240515338071418e+03 2.397938500954455776e+03 3.508123096806603371e+03 4.532272231610726521e+03 5.390694590342252013e+03 5.991604901876535223e+03
-1.846269395419608918e+05 -1.493523397554223775e+05 -8.741021461501672457e+04 -5.138738057869116165e+04 -3.480342386335519404e+04 -2.619204555188924496e+04 -1.912312803866947070e+04 -1.325915253867194588e+04 -9.263546666269963680e+03 -6.639799236989076235e+03 -4.714853285573042740e+03 -3.056198435873731796e+03 -1.487563072519331854e+03 -1.051941671531872800e+02 9.935041710152770520e+02 1.869994009310625870e+03 2.656371728525875369e+03 3.406706536615561618e+03 4.055166560947340713e+03 4.513311445485775039e+03
-1.390357411956004798e+05 -1.126612239595070860e+05 -6.592252152021609072e+04 -3.860484630265207670e+04 -2.606866469106121804e+04 -1.896499367369400716e+04 -1.325915253867194588e+04 -8.389138739431356953e+03 -5.630749119825330126e+03 -3.952097138061148598e+03 -2.787479644322593231e+03 -1.755051730754645860e+03 -7.691755200850034271e+02 1.023190486598275584e+02 7.955084574839067955e+02 1.347817174727568272e+03 1.845039949321889253e+03 2.326892654190366102e+03 2.753418524116931621e+03 3.063343613121061026e+03
-9.813938580588834884e+04 -7.988671515759509930e+04 -4.695538364580437337e+04 -2.756328341295353312e+04 -1.862757349409764720e+04 -1.358354999863708872e+04 -9.263546666269963680e+03 -5.630749119825330126e+03 -3.166338112227437250e+03 -2.145120626294058638e+03 -1.457809757632785477e+03 -8.653514531345615524e+02 -2.931605925349059589e+02 2.096827231020600948e+02 6.147375095552673656e+02 9.461604984746377340e+02 1.248640588412447187e+03 1.541229807871996400e+03 1.800202255838223437e+03 1.991402495251591745e+03
-6.822208702997503860e+04 -5.580542385632984224e+04 -3.300328154045983683e+04 -1.949159400189576991e+04 -1.324604798768937144e+04 -9.702121602349565364e+03 -6.639799236989076235e+03 -3.952097138061148598e+03 -2.145120626294058638e+03 -1.122526541233969965e+03 -7.116276435736851909e+02 -3.500317386355168310e+02 -1.807238903160970267e+01 2.710357414934477447e+02 5.074338306994985714e+02 7.140122744960302725e+02 9.130151231439159574e+02 1.105867344812881129e+03 1.271842624020187259e+03 1.391555974036706857e+03
-4.830304724714237818e+04 -3.953700085510445206e+04 -2.339387516426403818e+04 -1.382324695514495761e+04 -9.405933241342696419e+03 -6.900318210604140404e+03 -4.714853285573042740e+03 -2.787479644322593231e+03 -1.457809757632785477e+03 -7.116276435736851909e+02 -2.755268587376019696e+02 -4.857005667635053214e+01 1.624135630699588546e+02 3.299402990329423346e+02 4.698238057455833996e+02 6.053869191483639725e+02 7.511411904766441694e+02 8.978493206402936266e+02 1.020483371005306822e+03 1.103150394348264626e+03
-3.349622637032614148e+04 -2.725528351424272842e+04 -1.598133914246997665e+04 -9.331334293623798658e+03 -6.268432487376317113e+03 -4.542183634374174289e+03 -3.056198435873731796e+03 -1.755051730754645860e+03 -8.653514531345615524e+02 -3.500317386355168310e+02 -4.857005667635053214e+01 1.846204562623693164e+02 2.989031348285595868e+02 3.916498526260535300e+02 4.644694927574769281e+02 5.489220565579141748e+02 6.564428336257213914e+02 7.745266376827146360e+02 8.742001506377721398e+02 9.368799577314247244e+02
-1.975701728941548936e+04 -1.593150731344100495e+04 -9.192051939980308816e+03 -5.231657068816513856e+03 -3.391852409621859806e+03 -2.349617871304542405e+03 -1.487563072519331854e+03 -7.691755200850034271e+02 -2.931605925349059589e+02 -1.807238903160970267e+01 1.624135630699588546e+02 2.989031348285595868e+02 4.220112698551705535e+02 4.281514948845717754e+02 4.498750271970503150e+02 4.901860585092660472e+02 5.598757528936758945e+02 6.469634041149211043e+02 7.246637810663621622e+02 7.728539582981020430e+02
-6.344184855887801859e+03 -5.059702466877933148e+03 -2.821289023768248626e+03 -1.483657055929116495e+03 -8.222310839261792808e+02 -4.159257280358869480e+02 -1.051941671531872800e+02 1.023190486598275584e+02 2.096827231020600948e+02 2.710357414934477447e+02 3.299402990329423346e+02 3.916498526260535300e+02 4.281514948845717754e+02 4.529826851152796507e+02 4.067697884085174564e+02 4.141467164584608440e+02 4.506418709701706575e+02 5.053193234922968031e+02 5.575094386346659121e+02 5.911365748007067396e+02
5.224160260436566205e+03 4.312440102566246424e+03 2.632833231220656216e+03 1.675560065616553857e+03 1.295756255055692691e+03 1.142240515338071418e+03 9.935041710152770520e+02 7.955084574839067955e+02 6.147375095552673656e+02 5.074338306994985714e+02 4.698238057455833996e+02 4.644694927574769281e+02 4.498750271970503150e+02 4.067697884085174564e+02 3.783208193209588330e+02 3.384830398744550166e+02 3.534331038133906304e+02 3.839462025643534844e+02 4.139259282112088840e+02 4.333544533466422877e+02
1.395278492933678172e+04 1.152796070759621034e+04 6.930137639245534046e+03 4.211375468146410640e+03 3.009482692930482699e+03 2.397938500954455776e+03 1.869994009310625870e+03 1.347817174727568272e+03 9.461604984746377340e+02 7.140122744960302725e+02 6.053869191483639725e+02 5.489220565579141748e+02 4.901860585092660472e+02 4.141467164584608440e+02 3.384830398744550166e+02 3.042803936785436463e+02 2.858283139471799927e+02 3.030610255242892777e+02 3.193550753754810785e+02 3.280355886333315425e+02
2.045205979936458607e+04 1.700227453123075247e+04 1.030301162182164080e+04 6.291489428097420387e+03 4.477545053846845803e+03 3.508123096806603371e+03 2.656371728525875369e+03 1.845039949321889253e+03 1.248640588412447187e+03 9.130151231439159574e+02 7.511411904766441694e+02 6.564428336257213914e+02 5.598757528936758945e+02 4.506418709701706575e+02 3.534331038133906304e+02 2.858283139471799927e+02 2.623981562815051802e+02 2.550651868890748801e+02 2.650460680828313116e+02 2.678287670811538987e+02
2.584891638399711519e+04 2.153646935706079967e+04 1.311085271700035628e+04 8.061885461750782270e+03 5.775331358653668758e+03 4.532272231610726521e+03 3.406706536615561618e+03 2.326892654190366102e+03 1.541229807871996400e+03 1.105867344812881129e+03 8.978493206402936266e+02 7.745266376827146360e+02 6.469634041149211043e+02 5.053193234922968031e+02 3.839462025643534844e+02 3.030610255242892777e+02 2.550651868890748801e+02 2.380108552732218072e+02 2.285462142389357041e+02 2.295420803595945074e+02
3.077744042401234401e+04 2.555261121085093328e+04 1.551110194285703801e+04 9.531462310506572976e+03 6.844168258233680717e+03 5.390694590342252013e+03 4.055166560947340713e+03 2.753418524116931621e+03 1.800202255838223437e+03 1.271842624020187259e+03 1.020483371005306822e+03 8.742001506377721398e+02 7.246637810663621622e+02 5.575094386346659121e+02 4.139259282112088840e+02 3.193550753754810785e+02 2.650460680828313116e+02 2.285462142389357041e+02 2.078804533170934405e+02 1.923400390524271018e+02
3.501204523850778060e+04 2.893253431129964156e+04 1.744898657548159463e+04 1.065113217464966510e+04 7.613800508944622379e+03 5.991604901876535223e+03 4.513311445485775039e+03 3.063343613121061026e+03 1.991402495251591745e+03 1.391555974036706857e+03 1.103150394348264626e+03 9.368799577314247244e+02 7.728539582981020430e+02 5.911365748007067396e+02 4.333544533466422877e+02 3.280355886333315425e+02 2.678287670811538987e+02 2.295420803595945074e+02 1.923400390524271018e+02 1.652051637989039818e+02
