2.977997552911847833e+03 6.605367966699688623e+03 1.190263230854890753e+04 1.142121855707290524e+04 9.299513643770575072e+03 7.255644286827838187e+03 6.551085635268079386e+03 7.153757294285594071e+03 7.614251249347399607e+03 6.777562924965636739e+03 4.882479604024641048e+03 3.084408549487991877e+03 2.532602998401877812e+03 3.315522674798284243e+03 4.280298464319085724e+03 4.277989379380504943e+03 3.247518198303639110e+03 1.917857281876925526e+03 1.226711803115601469e+03 1.508273975784726645e+03
6.605367966699688623e+03 3.457261243019991070e+03 5.548081565497074735e+03 8.346759002452537970e+03 7.615900009356156261e+03 6.215049860426498526e+03 5.471167914723253489e+03 5.659358931300937002e+03 5.978598080403995482e+03 5.523194096146394259e+03 4.247288689319881996e+03 2.906935290354959307e+03 2.336122901734283460e+03 2.694747514812624104e+03 3.313251744594947013e+03 3.386219160016873502e+03 2.725115768252706403e+03 1.789054444510829853e+03 1.223727192532890513e+03 1.311251090089862828e+03
1.190263230854890753e+04 5.548081565497074735e+03 2.218644882244558630e+03 3.068058549280222906e+03 4.135853347423088962e+03 3.775164322177783561e+03 3.339306474415922366e+03 3.262077466144005484e+03 3.361888165163756184e+03 3.218922313637430761e+03 2.678896534692687510e+03 2.007017464067494075e+03 1.606168210830258204e+03 1.628776728412183957e+03 1.852560841356451874e+03 1.914829893798622379e+03 1.654095309693347872e+03 1.217673228404226847e+03 8.964321786592727221e+02 8.549492401293455259e+02
1.142121855707290524e+04 8.346759002452537970e+03 3.068058549280222906e+03 1.318950516501794709e+03 1.648905334564341956e+03 2.094794961352619794e+03 2.012702175431169508e+03 1.919180364488140413e+03 1.906881325003200118e+03 1.858247515337679033e+03 1.661997918375028576e+03 1.360938542991042141e+03 1.113139356626682684e+03 1.027990595393353715e+03 1.064119154955663134e+03 1.085897093316538985e+03 9.963532617166571299e+02 8.140069447934085929e+02 6.444430493799068245e+02 5.752896934290790796e+02
9.299513643770575072e+03 7.615900009356156261e+03 4.135853347423088962e+03 1.648905334564341956e+03 8.744693044572458120e+02 1.041516335232024403e+03 1.311598178208450008e+03 1.321748854999038940e+03 1.287306641092251539e+03 1.247833286302726719e+03 1.167780490289513637e+03 1.030827151922082521e+03 8.812138792746969784e+02 7.807209054183900889e+02 7.439393286728337671e+02 7.306055410250311297e+02 6.913275098006936332e+02 6.107826505859250119e+02 5.179548095631205342e+02 4.545501374430105557e+02
7.255644286827838187e+03 6.215049860426498526e+03 3.775164322177783561e+03 2.094794961352619794e+03 1.041516335232024403e+03 6.339494705243566841e+02 7.414693101019357755e+02 9.518665009009885125e+02 9.719338775061008846e+02 9.361667195624568194e+02 8.869202014537827381e+02 8.210583015244754961e+02 7.386890650227364858e+02 6.584601430065192744e+02 5.992783250233366061e+02 5.612529209495085070e+02 5.287479874091136480e+02 4.871705819141182019e+02 4.367262338920008915e+02 3.899495739842875537e+02
6.551085635268079386e+03 5.471167914723253489e+03 3.339306474415922366e+03 2.012702175431169508e+03 1.311598178208450008e+03 7.414693101019357755e+02 4.445648813823004275e+02 5.178992293189219254e+02 6.731548875401817895e+02 6.799146097023858601e+02 6.449350528491652312e+02 6.065354842812668039e+02 5.672875938345247278e+02 5.227412711548910238e+02 4.749341787500312080e+02 4.312213397201152816e+02 3.958567001900675564e+02 3.665088878953922631e+02 3.391303212117268231e+02 3.119871169060577927e+02
7.153757294285594071e+03 5.659358931300937002e+03 3.262077466144005484e+03 1.919180364488140413e+03 1.321748854999038940e+03 9.518665009009885125e+02 5.178992293189219254e+02 2.875547352955197198e+02 3.317506633803461682e+02 4.230429157110372103e+02 4.205070923415094057e+02 3.976147527369882368e+02 3.782669341946855752e+02 3.608449253109503729e+02 3.373341582233421718e+02 3.066921259166834943e+02 2.756708043969743471e+02 2.505861561674782649e+02 2.326474910723956100e+02 2.187094899302465763e+02
7.614251249347399607e+03 5.978598080403995482e+03 3.361888165163756184e+03 1.906881325003200118e+03 1.287306641092251539e+03 9.719338775061008846e+02 6.731548875401817895e+02 3.317506633803461682e+02 1.808569676623044131e+02 2.030538070091515124e+02 2.473774695312973790e+02 2.451839466953097713e+02 2.360015762944004507e+02 2.298116391804765328e+02 2.222915386841132488e+02 2.077745386711819151e+02 1.874570198881208114e+02 1.675756761537010959e+02 1.530872552664011721e+02 1.441306660641253927e+02
6.777562924965636739e+03 5.523194096146394259e+03 3.218922313637430761e+03 1.858247515337679033e+03 1.247833286302726719e+03 9.361667195624568194e+02 6.799146097023858601e+02 4.230429157110372103e+02 2.030538070091515124e+02 1.209319163473840746e+02 1.317924589336077474e+02 1.542723790303483611e+02 1.558998892432156254e+02 1.543146571265616558e+02 1.524779861128588152e+02 1.471768315830116194e+02 1.363312523832799741e+02 1.224203548996273412e+02 1.101476501162724446e+02 1.021021893774923512e+02
4.882479604024641048e+03 4.247288689319881996e+03 2.678896534692687510e+03 1.661997918375028576e+03 1.167780490289513637e+03 8.869202014537827381e+02 6.449350528491652312e+02 4.205070923415094057e+02 2.473774695312973790e+02 1.317924589336077474e+02 8.993909982997649877e+01 9.661078248161088311e+01 1.128887393879119969e+02 1.171883658976516784e+02 1.174427354409915125e+02 1.154188714799345377e+02 1.100941944396678025e+02 1.013301450315281045e+02 9.148735378263953066e+01 8.346600052153407034e+01
3.084408549487991877e+03 2.906935290354959307e+03 2.007017464067494075e+03 1.360938542991042141e+03 1.030827151922082521e+03 8.210583015244754961e+02 6.065354842812668039e+02 3.976147527369882368e+02 2.451839466953097713e+02 1.542723790303483611e+02 9.661078248161088311e+01 7.114427361503702230e+01 7.666232070409645871e+01 9.231953822898080375e+01 9.675275042209349863e+01 9.601396050771705859e+01 9.300376798621536523e+01 8.800112780855374695e+01 8.128945572918500773e+01 7.426341674551291305e+01
2.532602998401877812e+03 2.336122901734283460e+03 1.606168210830258204e+03 1.113139356626682684e+03 8.812138792746969784e+02 7.386890650227364858e+02 5.672875938345247278e+02 3.782669341946855752e+02 2.360015762944004507e+02 1.558998892432156254e+02 1.128887393879119969e+02 7.666232070409645871e+01 5.509718938499440810e+01 5.999687766560472113e+01 7.410121856967452914e+01 7.675850710921093878e+01 7.494611649393111463e+01 7.200582027421876319e+01 6.836971144750100393e+01 6.384213100741298774e+01
3.315522674798284243e+03 2.694747514812624104e+03 1.628776728412183957e+03 1.027990595393353715e+03 7.807209054183900889e+02 6.584601430065192744e+02 5.227412711548910238e+02 3.608449253109503729e+02 2.298116391804765328e+02 1.543146571265616558e+02 1.171883658976516784e+02 9.231953822898080375e+01 5.999687766560472113e+01 4.010022601887713023e+01 4.382163063326571972e+01 5.385661097669344599e+01 5.482640618904528651e+01 5.317579389935966816e+01 5.139158259946103158e+01 4.940818767448061521e+01
4.280298464319085724e+03 3.313251744594947013e+03 1.852560841356451874e+03 1.064119154955663134e+03 7.439393286728337671e+02 5.992783250233366061e+02 4.749341787500312080e+02 3.373341582233421718e+02 2.222915386841132488e+02 1.524779861128588152e+02 1.174427354409915125e+02 9.675275042209349863e+01 7.410121856967452914e+01 4.382163063326571972e+01 2.821418595845810984e+01 3.052657510728717583e+01 3.633012894559294637e+01 3.670522327643327998e+01 3.596471950211857660e+01 3.533278451008968801e+01
4.277989379380504943e+03 3.386219160016873502e+03 1.914829893798622379e+03 1.085897093316538985e+03 7.306055410250311297e+02 5.612529209495085070e+02 4.312213397201152816e+02 3.066921259166834943e+02 2.077745386711819151e+02 1.471768315830116194e+02 1.154188714799345377e+02 9.601396050771705859e+01 7.675850710921093878e+01 5.385661097669344599e+01 3.052657510728717583e+01 2.050668237485942313e+01 2.183080967160114483e+01 2.508725962162669276e+01 2.559262381383075891e+01 2.558812199314328950e+01
3.247518198303639110e+03 2.725115768252706403e+03 1.654095309693347872e+03 9.963532617166571299e+02 6.913275098006936332e+02 5.287479874091136480e+02 3.958567001900675564e+02 2.756708043969743471e+02 1.874570198881208114e+02 1.363312523832799741e+02 1.100941944396678025e+02 9.300376798621536523e+01 7.494611649393111463e+01 5.482640618904528651e+01 3.633012894559294637e+01 2.183080967160114483e+01 1.603733216281355212e+01 1.689172257358811535e+01 1.922004970631842724e+01 1.999468469415911187e+01
1.917857281876925526e+03 1.789054444510829853e+03 1.217673228404226847e+03 8.140069447934085929e+02 6.107826505859250119e+02 4.871705819141182019e+02 3.665088878953922631e+02 2.505861561674782649e+02 1.675756761537010959e+02 1.224203548996273412e+02 1.013301450315281045e+02 8.800112780855374695e+01 7.200582027421876319e+01 5.317579389935966816e+01 3.670522327643327998e+01 2.508725962162669276e+01 1.689172257358811535e+01 1.323822113332409423e+01 1.395208819660500232e+01 1.618984689393278487e+01
1.226711803115601469e+03 1.223727192532890513e+03 8.964321786592727221e+02 6.444430493799068245e+02 5.179548095631205342e+02 4.367262338920008915e+02 3.391303212117268231e+02 2.326474910723956100e+02 1.530872552664011721e+02 1.101476501162724446e+02 9.148735378263953066e+01 8.128945572918500773e+01 6.836971144750100393e+01 5.139158259946103158e+01 3.596471950211857660e+01 2.559262381383075891e+01 1.922004970631842724e+01 1.395208819660500232e+01 1.092030286458077448e+01 1.160871293122463399e+01
1.508273975784726645e+03 1.311251090089862828e+03 8.549492401293455259e+02 5.752896934290790796e+02 4.545501374430105557e+02 3.899495739842875537e+02 3.119871169060577927e+02 2.187094899302465763e+02 1.441306660641253927e+02 1.021021893774923512e+02 8.346600052153407034e+01 7.426341674551291305e+01 6.384213100741298774e+01 4.940818767448061521e+01 3.533278451008968801e+01 2.558812199314328950e+01 1.999468469415911187e+01 1.618984689393278487e+01 1.160871293122463399e+01 8.679437988608398769e+00
